-1.01223363346
-0.439114285585
0.111558074091
-1.40112262328
-0.0427184427784
-0.529046192575
-0.496406329836
-0.500888338213
-0.209183681812
0.144635305504
-1.15229480293
-1.89068758046
0.471052074209
-0.562766538737
0.0944555710607
-0.154098239094
0.0527236597685
-1.38847726872
0.037368525596
0.188281569473
-0.796675001186
0.0576760204012
-1.0378981257
-0.378792623458
-0.395223749339
-0.850218162836
-0.453538167709
-0.278900159613
-0.474354637094
-0.894493349796
-1.02631616267
-0.465375841693
0.990461295251
-1.58127835694
-0.599004594882
-0.885575230121
-1.02890746867
-0.408554440652
-0.48190592608
-0.954936832039
-1.05993366243
-0.57699453146
-0.811269501772
-0.312961182613
-0.986749668216
-0.833079160142
-1.30615119694
-0.114970541509
0.289811608434
-1.23989433143
-0.481685154222
-1.06634029115
-0.293230435959
-0.00335949300373
-0.15652265426
-0.418944793968
-0.787850046091
-1.17539950458
-0.0248772179655
-1.60940738802
-0.862214213598
-0.428784999855
-0.274113457751
-0.64582038554
-0.452368592081
-1.11028313156
-0.741502032883
-0.62795602527
-0.791844412858
-0.827091116896
-1.55409388517
-0.995399159526
-1.48625228805
-0.982104445578
-0.244477316681
-2.30965154463
-0.101512472111
-0.119535459199
0.116052554409
-0.0277903934651
-0.53052300547
1.24853932274
-0.238340523736
-0.998294576146
-0.720453046003
-0.281208869866
-1.62658850233
-0.141544490646
-0.818252870072
-0.478753348727
0.0911509679265
-0.657442809645
0.205981508382
0.415229870657
0.700093762146
-0.584454090865
0.569555077024
-0.452274951145
-0.529970426208
0.266241915979
-0.805271188383
-0.418223823065
-1.34914157192
-0.28635664803
-0.178742598332
-1.37417321746
-0.838967659079
-0.652639103632
-0.358883766258
-1.97828638887
-0.521683256747
-1.68610650722
-0.608029266935
-2.1991281191
0.14245478672
-0.56791669976
-1.11933123371
-0.977781772472
-1.14615772117
-0.0545580111578
-0.55802657347
-0.92893954767
-0.877635421836
-0.311694699794
-0.565686087765
-0.642892258849
-0.666744608863
0.113071866777
-0.524277200119
0.479567327207
0.0285574793661
-0.617363033411
-0.642804850366
-0.436497690907
-0.180015212386
0.252788267056
-0.186796579392
-1.81633080477
-1.20661727944
-1.64615756702
-0.34775014367
-0.332761013543
-0.632230837069
-0.436704877581
-0.017241276785
-0.246028813814
-0.664023898683
-0.709938791606
-0.019466935835
0.000631950350657
-1.86509617061
-1.22042260573
-0.391776605207
-1.2225164786
-0.165319661396
-0.128195290597
-0.824488491327
-0.513568064893
-0.829071908259
-0.717499030581
-0.359552938813
-0.765709194073
-0.676529757387
-0.59163982834
0.460414625292
-0.681914993843
-0.575586202905
-1.7402793574
0.167046583287
0.051973307355
-0.701513158406
-0.83933193876
-1.41746724231
-1.8240739699
-0.495897993813
-0.191709400224
-1.66154818082
-0.700020272268
0.0948706719333
-0.801023580745
-0.676954293963
-0.368755615783
-0.529827890607
-0.608723548176
-0.867785138219
-0.140811840517
-0.0220937226022
-0.656150370564
-1.24354711314
0.787273603397
-0.132680923646
-1.02658215147
-1.45956226534
-0.313640110677
0.209337279626
-0.880655681414
-0.598831534529
-2.03672288025
-0.749066852932
-0.56807459598
-1.62391884131
-0.945001556485
-0.546800818549
-1.07395850962
-1.76930483839
0.427684287161
-1.40308919527
-1.16773738362
-0.979632463546
0.061634005312
-0.752283785203
-0.831691224829
-0.630475771377
-1.29060213885
0.0621806195984
-0.198264435472
-1.23432079575
-1.7917396613
-0.888048820743
-0.141462615503
-0.690545481798
-0.811709366633
-1.40366657259
-0.371619028604
0.566895367865
-1.66028988517
-0.964168534184
-0.68660343722
-1.51396281036
-0.42063466712
-0.248143133882
-0.988996311999
-0.908671895415
-0.7878823421
-0.0924767519287
-1.68054820374
-0.149648224108
-0.891915954577
0.289269764999
-1.43519014618
-0.625365524037
-0.769733599951
-0.558023669274
-0.588165183068
-1.51989321312
-0.832076362221
0.226303132238
-0.483087546523
-0.719017508029
-1.4065837911
-1.67250168737
-0.912138684243
0.00722705444978
-0.311110676667
-0.458565580738
-1.49797571962
-0.553074868764
-1.1194380855
-0.280480803436
-0.603370430444
-1.5940913041
-1.01257196704
-0.346907820378
-1.42616603396
-0.225054582451
-0.428845648414
-0.509085741146
-0.619775639333
-0.192651392989
-0.926802255422
-0.50546554615
-0.745767412765
-0.0093648535879
-0.0117972363536
-1.78649947011
-0.246583569783
-1.01658609516
-0.844179862425
-1.02408386974
0.101033247313
0.557896121762
-1.03611040072
-0.630418223344
-0.271522916452
-0.450268370521
0.0419393752138
-1.17433327155
-1.47677553787
-0.202101813604
-0.145279627884
-0.900609111835
-0.995236321176
-0.953287126423
1.28775279721
-0.788006007352
-1.44075026638
-0.670402449672
-0.568432127193
0.558740635264
-0.421200741433
-0.464914472546
-0.734529998481
-0.972205533227
0.0356843867809
-0.554254338752
-0.525832654168
-0.295350803264
-0.878063920546
-1.08788699932
-0.91785642846
-0.912117538818
-0.872395782436
-0.562924555633
-0.635115288139
-0.933892875459
-0.144881480338
-0.349122419575
-1.44204695923
-0.669935762571
-1.59104254158
-0.743301177048
-0.425259857391
-0.68704746025
-1.42126348053
0.0909162870783
-0.950626027816
-1.516962579
-0.893002962714
-0.83431728638
-0.530134778545
-1.68103620363
-1.27160093794
-0.596570092897
-2.21983419287
0.237727975297
-0.769056025735
-0.51981366107
-1.63592296686
0.176550434265
-0.619385396065
0.144842764925
-0.224597205197
-1.0260489084
-1.22280003482
-0.913206569741
-0.756456456681
-0.881707830054
-0.878695209904
-1.97123467766
-1.96849975082
-0.464976119342
-0.51966019765
-0.974316506062
-1.14890143288
-0.608291575902
-1.00074690776
-0.582193126023
-1.46894702455
-1.91893581341
-0.856719326475
-1.35949684537
-1.26728491955
-1.13828913138
-0.370372264647
-0.853314633766
-1.31843352951
0.117876410327
-0.423948253801
0.809267870285
-0.248449643007
-2.11016114703
-1.04231654267
-0.63358579818
-0.0509044723837
-0.107883639183
-0.275901358178
-0.18822189078
-1.35252362579
-1.12513969548
-0.984813911004
1.16118952328
-0.762235178467
-1.50171360868
-0.742764008464
-0.0728571350193
-0.230081377612
0.186979474839
-1.09930190519
-0.306571059919
0.151046172248
-0.61741192994
-0.300170914373
0.380689135477
-0.0157926401243
-0.73949817757
-0.653680026522
-0.411583370575
-1.7425862773
-1.04345702921
-0.797246482517
-0.538722169467
-0.0349540435535
-0.742896958967
-0.874855378822
-0.813512612719
0.0580475975381
0.899151528517
-0.927519651447
-1.43716745932
-1.33931867007
-0.0301095778981
-1.56411305949
-0.585928869326
0.0828872170425
0.522093361735
-0.571639212675
-0.0209110960952
-0.993372315571
-0.832710453799
-0.745586554616
-0.496210744386
-0.42712102734
0.615854086823
-0.925610377328
1.04156225947
-1.49462525441
-0.243671918197
-0.38247622985
-0.132003232887
-0.569128721739
-1.89704725194
-0.450105506154
-1.51675870977
-1.80905552775
-0.601387524264
-0.0211183643637
-0.402666232557
-0.71321992868
-0.00654983563861
-0.22494699162
-1.68487763087
-1.08111631226
-0.767911742307
-1.20174425823
-1.24383693661
0.148180632569
-1.19391170607
-2.03101515591
0.482344467086
0.413450389557
-1.06900927094
-0.887963350158
-1.80911735525
-0.650617163404
-0.81414728258
-0.977909056229
-0.348350751284
-1.10680451881
-0.607772709222
-1.18274682019
-1.15671719927
0.0647410330001
-1.04251480228
-1.31649152957
-1.26538731298
-1.47765105233
-0.973538582413
-0.129661428132
-1.82278430145
-0.0372194816354
-0.901473494294
0.0281935936421
-1.45669974155
0.386554940057
-0.460640499643
0.236875052275
-1.86599332827
0.272192931284
-0.274343158332
-1.11865419518
-1.41354256881
-0.207382546192
-1.30664712657
0.193703241799
-0.93734902096
-1.4591127159
-1.89677036665
-0.112301025419
-0.985368942549
-0.655409923102
-0.829371898052
-2.02830462682
-1.18345508453
-0.433036253976
-1.31928731513
-0.881496577776
-0.648443141115
-0.097713593233
-0.951823355297
-0.0167695003505
-0.808337685872
0.298942545706
0.527807162345
-0.814611028413
-0.0565981755412
-0.651724653761
0.162388227967
0.243180030307
-1.17997794408
-1.11025827954
-0.937600214312
-0.998691139026
-1.78684010967
-0.966651498755
-0.665517510541
-1.52057460942
-1.24618001264
-0.625380287946
-1.96309147402
-0.129623023285
-1.0357606784
-0.512849889549
0.701159592012
0.58159163116
-0.938388967877
0.0542948136074
-1.17619274497
0.135812550308
-1.29667868902
-1.1672610633
-1.51361137166
0.224050435468
-0.988384851294
0.148693638705
0.0979840464103
-0.364546833767
-0.969979184712
0.406587783204
0.478738102855
-0.903210429486
-0.39587062642
0.293960059911
-1.34812581341
-1.37757058642
0.208504383403
-1.60295662557
-0.599296630129
0.128549248664
-0.911452018025
-1.32052662457
-0.794149193195
-1.05360672935
-1.00641942355
-0.726834380742
0.294882875459
-0.611214522795
-0.718343476514
-0.410266201774
-0.314696769537
-0.314440359328
-0.433354908039
0.0216259291022
-0.14899025117
-0.735878947983
-0.694956072418
-0.827292194016
-0.515014673858
-0.619868381434
-1.14227652026
-0.296906434343
-0.459084005468
0.425081509201
-0.840224394553
-1.85323912349
-0.232208086431
-0.29935045149
0.0464127124517
0.00208920045328
-0.947822517747
-1.37787037654
-1.19267336661
-0.366895832095
-1.59234644731
-0.361122794449
-1.15103356901
-0.320290192701
-1.21555254158
0.0630682331365
-0.0439147802627
-0.582995276844
-1.39336272805
-0.895429204037
-1.478434286
-0.402569693353
-1.19049645801
-0.536397778286
-1.36447895829
-0.944639486238
-0.44011068197
-0.884351045284
-1.01305885812
-0.604238932257
-0.88313043838
0.0302667758502
-0.515713759101
-0.639882202688
-0.338515887799
-0.643517842572
-1.17990872671
-0.384713094777
-1.42447691477
0.05261736778
-0.195852383959
-0.893568079168
-1.05145195567
0.17033366824
-1.65215297292
-0.293142041919
0.224969567581
-1.4853379563
-1.27721033101
0.458892488178
-0.0203359095445
-0.349786753337
-0.471016361494
-0.889431173718
-0.567492085348
-0.618836142294
-0.299090320824
-0.297245895845
-1.03887242598
-0.405302446377
-0.497308639234
-0.238157575754
-0.500782174142
-1.12618411735
-1.33701115575
-1.8499428808
-0.830587990477
-0.830396383639
0.0055829484404
-1.96286811608
-0.380757375182
-0.707528350638
-1.33778074302
-0.163056800175
-0.449082022085
-0.963264526873
-1.09773924497
-0.993178507911
-0.574557718086
-0.886520997969
-1.59489918115
-1.43514894478
0.000362151717271
-0.781940744221
-0.463473832461
0.0226203454859
0.653746646264
-0.601873793445
-1.13028499053
-0.611845159792
0.401059782892
-2.03730424186
-0.933544339764
-0.478105594467
-0.370023456211
0.314593941398
-1.16426430899
0.224980092413
-1.34322379917
0.320557949132
-0.17166175999
-1.23807887975
-0.517272067045
0.0471851289563
-1.10696480601
-0.434955470644
-1.38290905258
-0.979154768893
-0.440365842343
-0.412656713933
0.732053743717
-1.27023102277
-0.496438581205
0.642546396338
-0.102007532831
-0.00571619344566
-1.02523844771
-1.27815864557
-0.904559762454
-0.767092736366
-1.64785194049
-1.21534251328
-0.193013295796
-0.734485618242
-0.0130519495936
-1.14344007325
-0.577541072697
-1.2060337067
-0.668956335272
-0.190088748426
-0.943921233657
-1.6751348068
-0.66192538527
-0.293549455024
0.183489472381
-0.938227311184
-1.28752611028
0.326790498919
-0.876914270608
0.30586757224
-0.131514212128
-0.339180165703
-0.333379596775
-0.0692096873685
-0.26842270979
-0.543753413615
-0.312962842576
-1.67820909938
-0.735536520986
-1.05661744543
-1.61547467617
-0.22606053802
-1.26440342011
-1.24228511048
-0.620221590667
-1.11085722204
-0.595431739152
-0.280026200358
-1.3332394788
-1.01556814414
-0.29553342681
-0.382629625287
-0.475597760309
-0.438600873215
-1.42515051367
-0.191331588274
-0.956321351823
-0.742473438011
-1.10252873089
-0.748936626453
-1.15450557206
-1.00090678392
-1.53703420877
-1.90497331909
-0.521773052116
-0.587705702935
-0.496235674336
-0.952764307119
-0.486384323018
-0.790401978999
-1.09470979691
-1.38359749601
0.154398721416
-0.883612962354
-1.0230363631
0.787576179238
0.237427561888
-0.870087581848
-0.791858762067
-0.56900038617
-0.618841206771
-0.87687940592
-0.64475587259
-0.923731326014
0.437819207613
-0.714836136923
-0.402701422111
-0.236667624426
-1.32871560437
-1.41651897499
-0.979927923479
0.121010949195
-0.246578746049
-0.47467535997
-0.110704646669
-0.81210869748
-0.545997412533
-1.02476976786
-1.04654918942
-0.6407243922
-1.19703556397
0.267404402765
0.265820975644
-0.785041343359
-1.19979250327
0.312579500563
-0.584683511621
-0.486444520496
-0.0836645936417
-1.8833142747
-1.06277238724
-0.922885936041
-1.24554727056
-0.207321662917
0.381091030433
-0.458136717716
-0.398770648691
-0.873807322786
-1.18749557848
-0.855155107637
-0.559546839964
-1.20541038363
-1.02183726754
-0.359626119314
-1.01625867265
-0.189604997116
-0.00431107689112
-0.456884442408
-0.83644671508
-1.05282704213
-1.31588763719
-1.12207564917
0.209288550548
0.351576544516
-0.795127068183
-0.988652109326
-1.52550030691
-1.52260639881
0.024642478945
-0.319076685306
-0.284080106964
-0.867337857786
-0.719901598637
-1.43164057584
-0.352142819901
-0.232987916112
0.0224884256495
-0.889036219416
-0.367030073341
-0.806176389687
-0.894419316966
-0.405487502304
-0.502565281721
-1.14039282244
-1.22568688887
-1.67285665131
-1.23036009888
-0.568171200447
0.0780866105363
-0.475141525762
-0.320885694755
-1.22721835514
-1.47132121876
-0.806189745012
-0.69666488016
1.18682450365
-0.601802356102
-0.0485089001765
-1.32852491207
-0.560172146677
-1.27219705117
-1.14075277367
-1.45069367827
-0.783922148454
-1.57173091137
0.189299978722
-1.5718310451
-0.349414367183
-0.775056361567
-0.486644017441
-0.23421659689
-0.214133223938
-0.649263543632
-1.12546892039
-0.337426285599
-1.32489744417
0.0947570403169
-0.300582713207
-0.133862597814
-0.805838722948
-0.521143963058
-1.26941565613
-0.0421450630677
-0.67045610783
-0.687734902614
-0.234989286126
-0.458268355946
-1.15334005093
-0.480139154852
-0.388980993765
-1.30387428126
-1.39791987731
-1.35471341776
-0.869855805769
-1.06699684815
-0.101851813273
-0.438800582336
0.419045472679
-1.22837725482
-0.220937977305
-1.26413673422
-0.777361378455
-0.304472858284
-0.502493399652
-0.507963420234
-0.562809982666
0.199802374422
-1.26942930118
-1.84174856907
-1.4219620723
-1.86026486427
-0.235553830186
-0.142262535698
-1.12740943728
-0.540088525153
-1.11648817515
-0.18213653545
-0.643534307277
-0.868221953583
-0.374620415135
-0.384185954671
-0.656474346579
-0.18676660369
-1.71820272671
-1.02620185347
-0.227582235431
0.441623220049
-0.454828325551
-0.884149263274
-0.6269305866
-1.07619928662
-0.852401534945
-0.894711061022
-1.21840859277
-0.521441177711
-0.896339088506
-0.200000553094
0.00948995084
-0.478161802176
-1.21055469253
-0.0065748856875
-1.23890439013
-1.07455676381
-1.98301670157
0.311150602552
-0.868204324521
0.299521816222
-0.269028721388
-1.05087295388
0.348862567627
-1.15128854616
-0.683855075048
-0.359449496103
-0.760569208735
-0.352058354489
0.399150895211
-0.966923881699
-0.492719053312
-0.64115850409
-1.20055894997
0.446352433402
0.216425789922
-0.285112629333
-1.1106157474
-0.47746991012
-1.06584652818
-0.75626756623
-0.871524836862
0.576885656952
0.910222986922
0.0591235515665
-0.515981686515
-0.935995127417
-0.732941844552
0.66676835085
-0.582573472718
-0.861458058232
-1.40776323116
-0.346897569395
-1.12802836558
-0.789460796446
-0.603756530436
-0.832473637647
-1.13340322212
-0.871330582437
-0.227842699056
-0.865552040264
-0.796307991889
-0.923612374507
-1.48023550378
-1.49794057043
-1.28693132437
-0.700272040258
-0.0425136946058
-1.84210588926
-0.0857081840088
-0.85548393564
-0.834747869283
0.132452945076
-1.61554256674
-1.7249946315
-0.669428259291
-0.223750165539
-0.938521764294
0.207328394097
-0.113153048927
-0.43631116641
-0.33790990646
